kinematics:
  shoulder:
    x: 0
    y: 0
    z: 0.15194526573226791
    roll: -0
    pitch: 0
    yaw: 3.384254429044112e-05
  upper_arm:
    x: -0.00012442743191005113
    y: 0
    z: 0
    roll: 1.5706929920884669
    pitch: 0
    yaw: -3.7642057657549792e-05
  forearm:
    x: -0.24400076645727561
    y: 0
    z: 0
    roll: 0.0013528823890745676
    pitch: 0.00060048637191793158
    yaw: -2.9691230045056894e-06
  wrist_1:
    x: -0.21335866245501184
    y: 0.0012073808762518732
    z: 0.11246345229080952
    roll: 3.1308573038502452
    pitch: 3.141508970731453
    yaw: 3.1415626904548457
  wrist_2:
    x: 9.8658042244989987e-06
    y: -0.08521903228048873
    z: 1.3723819418963361e-05
    roll: 1.5706352850776526
    pitch: 0
    yaw: 1.0258301333937741e-06
  wrist_3:
    x: -5.6038952432676259e-05
    y: 0.082429597438203842
    z: 6.1148488398380594e-05
    roll: 1.571538153506199
    pitch: 3.1415926535897931
    yaw: 3.1415904418559264
  hash: calib_1651732544551575167